"time (JD)" Vmag Verr
2458630.60258 15.356 0.009000000000000001
2458630.60338 15.345999999999998 0.009000000000000001
2458630.60418 15.398 0.009000000000000001
2458630.60498 15.415999999999999 0.009000000000000001
2458630.60576 15.402999999999999 0.009000000000000001
2458630.60655 15.437000000000001 0.009000000000000001
2458630.60734 15.408 0.009000000000000001
2458630.60813 15.378 0.009000000000000001
2458630.60892 15.370999999999999 0.009000000000000001
2458630.60972 15.43 0.01
2458630.61052 15.472000000000001 0.01
2458630.61132 15.543 0.011000000000000001
2458630.61212 15.567 0.011000000000000001
2458630.61291 15.555 0.011000000000000001
2458630.6137 15.600999999999999 0.012
2458630.61449 15.614 0.012
2458630.61529 15.63 0.012
2458630.61608 15.604000000000001 0.012
2458630.61686 15.591 0.012
2458630.61765 15.59 0.012
2458630.61845 15.52 0.011000000000000001
2458630.61924 15.450999999999999 0.011000000000000001
2458630.62002 15.413 0.011000000000000001
2458630.62082 15.485999999999999 0.011000000000000001
2458630.62162 15.482999999999999 0.011000000000000001
2458630.62241 15.509 0.012
2458630.6248 15.477 0.012
2458630.6256 15.43 0.012
2458630.6264 15.415 0.012
2458630.6272 15.452 0.011000000000000001
2458630.62799 15.437999999999999 0.01
2458630.62879 15.376 0.01
2458630.62958 15.364 0.009000000000000001
2458630.63038 15.364 0.01
2458630.63118 15.319 0.009000000000000001
2458630.63198 15.335 0.009000000000000001
2458630.63278 15.363 0.01
2458630.63357 15.402999999999999 0.01
2458630.63436 15.398 0.01
2458630.63516 15.423 0.01
2458630.63596 15.485999999999999 0.011000000000000001
2458630.63676 15.534 0.012
2458630.63756 15.588 0.013000000000000001
2458630.63836 15.581 0.013000000000000001
2458630.63916 15.623 0.013000000000000001
2458630.64074 15.789000000000001 0.015
2458630.64154 15.831 0.016
2458630.64234 15.912 0.017
2458630.64314 16.022000000000002 0.019
2458630.64394 16.218 0.022000000000000002
2458630.64473 16.447 0.027999999999999997
2458630.64553 16.576 0.033
2458630.64633 16.732 0.038
2458630.64713 16.976 0.047
2458630.64793 17.086 0.05
2458630.64873 17.16 0.054000000000000006
2458630.64953 17.211 0.059000000000000004
2458630.65032 17.123 0.053
2458630.65112 16.99 0.049
2458630.65192 16.827 0.040999999999999995
2458630.65272 16.7 0.038
2458630.65352 16.531 0.033
2458630.65429 16.419 0.03
2458630.65509 16.273 0.027000000000000003
2458630.65589 16.044 0.023
2458630.65669 15.988 0.022000000000000002
2458630.65749 15.943 0.021
2458630.65829 15.889000000000001 0.02
2458630.65909 15.882 0.021
2458630.65988 15.843 0.02
2458630.66068 15.745 0.019
2458630.66147 15.732999999999999 0.019
2458630.66227 15.67 0.018000000000000002
2458630.66307 15.616 0.013999999999999999
2458630.66387 15.546 0.013999999999999999
2458630.66465 15.542 0.013000000000000001
2458630.66625 15.57 0.013999999999999999
2458630.66703 15.544 0.013000000000000001
2458630.66782 15.592 0.013999999999999999
2458630.66862 15.6 0.013999999999999999
2458630.66942 15.569 0.015
2458630.67022 15.557 0.015
2458630.67101 15.569 0.015
2458630.67181 15.537 0.015
2458630.6726 15.494000000000002 0.015
2458630.6734 15.502 0.015
2458630.6742 15.503 0.016
2458630.67499 15.537 0.017
2458630.67579 15.538 0.017
2458630.67659 15.508 0.016
2458630.67738 15.475 0.017
2458630.67818 15.417 0.017
2458630.67897 15.388 0.017
2458630.67975 15.375 0.019
2458630.68053 15.343 0.017
2458630.68132 15.32 0.015
2458630.68212 15.334000000000001 0.015
2458630.68292 15.368 0.016
2458630.68372 15.366 0.016
2458630.68451 15.345999999999998 0.016
2458630.68531 15.347999999999999 0.016
2458630.6861 15.33 0.016
2458630.6869 15.359000000000002 0.017
2458630.6877 15.312000000000001 0.016
2458630.6885 15.335 0.016
2458630.68929 15.329 0.016
2458630.69009 15.337 0.016
2458630.69089 15.375 0.017
2458630.69168 15.45 0.019
2458630.69248 15.42 0.019
2458630.69328 15.419 0.017
2458630.69407 15.447000000000001 0.016
2458630.69487 15.404000000000002 0.015
2458630.69567 15.437000000000001 0.015
2458630.69647 15.436 0.016
2458630.69727 15.432 0.016
2458630.69807 15.412 0.015
2458630.69887 15.363 0.015
2458630.69966 15.368 0.016
2458630.70046 15.375 0.016
2458630.70124 15.325999999999999 0.015
2458630.70204 15.347000000000001 0.016
2458630.70284 15.295 0.016
2458630.70363 15.288 0.016
2458630.70443 15.429 0.019
2458630.70523 15.376 0.018000000000000002
2458630.70602 15.375 0.017
2458630.70681 15.367 0.017
2458651.39712 15.665 0.027999999999999997
2458651.39869 15.729000000000001 0.035
2458651.3994400003 15.65 0.025
2458651.4002099996 15.654000000000002 0.025
2458651.4009599998 15.67 0.025
2458651.40177 15.683 0.027000000000000003
2458651.40252 15.669 0.025
2458651.4032799997 15.655 0.023
2458651.40404 15.636 0.023
2458651.40485 15.640999999999998 0.023
2458651.40561 15.697000000000001 0.03
2458651.40637 15.665999999999999 0.022000000000000002
2458651.40712 15.669 0.024
2458651.40792 15.679 0.024
2458651.40868 15.67 0.021
2458651.40943 15.664000000000001 0.022000000000000002
2458651.4102 15.661 0.023
2458651.411 15.667 0.026000000000000002
2458651.41176 15.683 0.023
2458651.4125200002 15.66 0.026000000000000002
2458651.41329 15.633 0.021
2458651.41407 15.599 0.023
2458651.41484 15.607999999999999 0.021
2458651.4155900003 15.613 0.022000000000000002
2458651.41635 15.626 0.021
2458651.41714 15.591 0.024
2458651.41789 15.622 0.021
2458651.41865 15.628 0.021
2458651.4194099996 15.629000000000001 0.022000000000000002
2458651.42022 15.616 0.019
2458651.42098 15.661 0.023
2458651.42174 15.624 0.02
2458651.4225 15.624 0.023
2458651.4233 15.594000000000001 0.02
2458651.4240599996 15.583 0.026000000000000002
2458651.42483 15.600999999999999 0.02
2458651.42558 15.652999999999999 0.02
2458651.42642 15.636 0.018000000000000002
2458651.42718 15.627 0.019
2458651.4279400003 15.591 0.017
2458651.42869 15.652999999999999 0.017
2458651.4295 15.597999999999999 0.018000000000000002
2458651.43027 15.639000000000001 0.018000000000000002
2458651.43102 15.634 0.02
2458651.4317799998 15.59 0.017
2458651.43258 15.599 0.017
2458651.43334 15.607999999999999 0.016
2458651.43411 15.582 0.017
2458651.43486 15.585 0.017
2458651.43567 15.600999999999999 0.018000000000000002
2458651.43642 15.615 0.019
2458651.43718 15.615 0.017
2458651.43794 15.618 0.021
2458651.43873 15.588 0.018000000000000002
2458651.4394799997 15.585 0.019
2458651.4402400004 15.575 0.018000000000000002
2458651.44103 15.612 0.017
2458651.44184 15.574000000000002 0.018000000000000002
2458651.44259 15.623 0.016
2458651.44336 15.568 0.02
2458651.44411 15.610999999999999 0.017
2458651.44491 15.6 0.021
2458651.4456700003 15.61 0.018000000000000002
2458651.44644 15.623 0.019
2458651.4472 15.630999999999998 0.017
2458651.448 15.63 0.016
2458651.44876 15.630999999999998 0.018000000000000002
2458651.4495099997 15.655 0.018000000000000002
2458651.45028 15.632 0.019
2458651.45106 15.62 0.017
2458651.45183 15.623 0.02
2458651.4525900004 15.626 0.016
2458651.45334 15.616 0.019
2458651.4541599997 15.609000000000002 0.017
2458651.4561900003 15.597000000000001 0.016
2458651.45694 15.64 0.02
2458651.4577 15.585999999999999 0.016
2458651.4585 15.61 0.016
2458651.45925 15.615 0.017
2458651.46001 15.602 0.017
2458651.4607599997 15.594000000000001 0.017
2458651.4615599997 15.595999999999998 0.016
2458651.46231 15.579 0.017
2458651.46308 15.64 0.016
2458651.46383 15.619000000000002 0.018000000000000002
2458651.46463 15.638 0.015
2458651.46539 15.607999999999999 0.015
2458651.46615 15.634 0.017
2458651.4669 15.633 0.015
2458651.4684599997 15.639000000000001 0.015
2458651.46921 15.62 0.017
2458651.46997 15.642999999999999 0.016
2458651.47075 15.629000000000001 0.017
2458651.4715 15.628 0.016
2458651.4722700003 15.612 0.015
2458651.47302 15.612 0.015
2458651.47381 15.595 0.015
2458651.47457 15.614 0.017
2458651.47532 15.630999999999998 0.015
2458651.47608 15.609000000000002 0.017
2458651.47689 15.63 0.013999999999999999
2458651.47764 15.619000000000002 0.016
2458651.4783900003 15.597999999999999 0.016
2458651.47914 15.585 0.015
2458651.47993 15.600999999999999 0.016
2458651.48068 15.595999999999998 0.013999999999999999
2458651.48145 15.595 0.016
2458651.4822 15.581 0.013999999999999999
2458651.483 15.642000000000001 0.018000000000000002
2458651.4837599997 15.626 0.018000000000000002
2458651.48451 15.626 0.015
2458651.48527 15.615 0.013999999999999999
2458651.48606 15.637 0.015
2458651.48682 15.618 0.015
2458651.48757 15.614 0.013999999999999999
2458651.48832 15.607999999999999 0.017
2458651.48911 15.645999999999999 0.015
2458651.4898599996 15.628 0.017
2458651.4906099997 15.645999999999999 0.015
2458651.49138 15.622 0.015
2458651.49218 15.662 0.016
2458651.4929299997 15.610999999999999 0.015
2458651.49368 15.594000000000001 0.015
2458651.49444 15.607999999999999 0.013999999999999999
2458651.49523 15.565 0.015
2458651.496 15.645999999999999 0.015
2458651.49675 15.599 0.015
2458651.49749 15.612 0.015
2458651.4983 15.635 0.013999999999999999
2458651.49905 15.633 0.015
2458651.4998 15.617 0.013000000000000001
2458651.50057 15.603 0.013999999999999999
2458651.50137 15.604000000000001 0.013999999999999999
2458651.50212 15.637 0.016
2458651.50288 15.658 0.013999999999999999
2458651.5036299997 15.642999999999999 0.013999999999999999
2458651.50441 15.655 0.013999999999999999
2458651.5051700003 15.632 0.013999999999999999
2458651.50593 15.610999999999999 0.013000000000000001
2458651.50668 15.642000000000001 0.013999999999999999
2458651.50748 15.613 0.013999999999999999
2458651.50823 15.648 0.013999999999999999
2458651.50899 15.717 0.016
2458651.50975 15.675 0.017
2458651.51054 15.689 0.02
2458651.5113 15.694 0.02
2458651.51205 15.682 0.021
2458651.5128099998 15.669 0.021
2458651.51361 15.667 0.018000000000000002
2458651.51436 15.682 0.017
2458651.5151299997 15.679 0.013999999999999999
2458651.5158700002 15.644 0.015
2458651.5166700003 15.658 0.015
2458651.51743 15.674000000000001 0.013999999999999999
2458651.51818 15.657 0.015
2458651.5189400003 15.665 0.013999999999999999
2458651.51973 15.662 0.015
2458651.52049 15.658 0.013999999999999999
2458651.522 15.633 0.013000000000000001
2458651.5227900003 15.674000000000001 0.017
2458651.52354 15.645999999999999 0.013999999999999999
2458651.52431 15.64 0.013999999999999999
2458651.52506 15.627 0.013999999999999999
2458651.52586 15.639000000000001 0.013000000000000001
2458651.52662 15.607000000000001 0.013999999999999999
2458651.5273700003 15.628 0.013999999999999999
2458651.52813 15.616 0.016
2458651.52892 15.655 0.015
2458651.52968 15.648 0.016
2458651.5304400004 15.668 0.015
2458651.53119 15.651 0.013999999999999999
2458651.53198 15.649000000000001 0.013999999999999999
2458651.53273 15.630999999999998 0.013000000000000001
2458651.5334799998 15.654000000000002 0.015
2458651.53425 15.628 0.013999999999999999
2458651.53505 15.625 0.017
2458651.5358 15.639000000000001 0.013999999999999999
2458651.53656 15.658 0.015
2458651.53731 15.628 0.015
2458651.5381099996 15.675 0.013999999999999999
2458651.5388700003 15.655999999999999 0.015
2458651.53962 15.651 0.013999999999999999
2458651.54037 15.640999999999998 0.024
2458651.5411799997 15.644 0.022000000000000002
2458651.54193 15.697000000000001 0.027000000000000003
2458651.54269 15.658 0.022000000000000002
2458651.54345 15.652999999999999 0.023
2458651.54422 15.64 0.024
2458651.5449900003 15.618 0.023
2458651.54574 15.635 0.024
2458651.54649 15.629000000000001 0.022000000000000002
2458651.54729 15.644 0.024
2458651.54806 15.627 0.022000000000000002
2458651.54881 15.592 0.023
2458651.5495599997 15.624 0.023
2458651.5503599998 15.649000000000001 0.023
2458651.55111 15.638 0.024
2458651.55186 15.658 0.024
2458651.55263 15.655 0.024
2458651.55343 15.675 0.022000000000000002
2458651.55418 15.718 0.026000000000000002
2458651.55493 15.719000000000001 0.024
2458651.5556799998 15.675999999999998 0.025
2458651.55647 15.635 0.023
2458651.5572200003 15.655 0.024
2458651.55799 15.64 0.023
2458651.5587400002 15.626 0.022000000000000002
2458651.5595400003 15.630999999999998 0.024
2458651.56029 15.613 0.024
2458651.56104 15.649000000000001 0.025
2458651.56181 15.7 0.025
2458651.5626 15.693 0.028999999999999998
2458651.56336 15.637 0.025
2458651.5641099997 15.645999999999999 0.025
2458651.56487 15.651 0.026000000000000002
2458653.44995 15.607000000000001 0.018000000000000002
2458653.4507400002 15.600999999999999 0.017
2458653.45159 15.6 0.021
2458653.45236 15.625 0.018000000000000002
2458653.45315 15.624 0.019
2458653.45392 15.652999999999999 0.017
2458653.4547599996 15.652999999999999 0.018000000000000002
2458653.45553 15.663 0.017
2458653.45632 15.675999999999998 0.017
2458653.45708 15.673 0.018000000000000002
2458653.45791 15.657 0.018000000000000002
2458653.45869 15.662 0.019
2458653.4594799997 15.639000000000001 0.018000000000000002
2458653.46025 15.616 0.018000000000000002
2458653.46111 15.655999999999999 0.019
2458653.46188 15.634 0.019
2458653.4626599997 15.683 0.017
2458653.46343 15.628 0.016
2458653.46428 15.628 0.017
2458653.46506 15.61 0.016
2458653.46583 15.629000000000001 0.017
2458653.46661 15.644 0.017
2458653.46748 15.635 0.016
2458653.4682400003 15.651 0.016
2458653.46902 15.610999999999999 0.017
2458653.4698099997 15.652999999999999 0.016
2458653.4714099998 15.648 0.016
2458653.47219 15.685 0.016
2458653.47297 15.647 0.016
2458653.47381 15.669 0.017
2458653.47459 15.664000000000001 0.015
2458653.4753799997 15.652000000000001 0.015
2458653.47616 15.65 0.016
2458653.477 15.652000000000001 0.016
2458653.47778 15.618 0.015
2458653.47855 15.66 0.016
2458653.47934 15.687000000000001 0.02
2458653.48017 15.638 0.013999999999999999
2458653.48096 15.615 0.018000000000000002
2458653.48174 15.627 0.015
2458653.48251 15.669 0.016
2458653.48336 15.66 0.017
2458653.4841299998 15.649000000000001 0.015
2458653.4849099996 15.651 0.016
2458653.48568 15.655 0.013999999999999999
2458653.48654 15.669 0.016
2458653.4873 15.674000000000001 0.015
2458653.48809 15.638 0.017
2458653.48887 15.667 0.015
2458653.4897 15.672 0.017
2458653.49049 15.672 0.015
2458653.49126 15.667 0.015
2458653.49205 15.651 0.015
2458653.49287 15.690999999999999 0.015
2458653.49365 15.662 0.016
2458653.49443 15.659 0.013999999999999999
2458653.49521 15.681 0.015
2458653.49605 15.686 0.015
2458653.49683 15.681 0.016
2458653.49762 15.677999999999999 0.013999999999999999
2458653.4983900003 15.669 0.016
2458653.4992400003 15.655 0.015
2458653.50002 15.681 0.017
2458653.5008099996 15.655 0.013999999999999999
2458653.50159 15.682 0.015
2458653.5024099997 15.658 0.015
2458653.50318 15.692 0.015
2458653.50396 15.664000000000001 0.016
2458653.5047299997 15.683 0.021
2458653.50559 15.665999999999999 0.023
2458653.5071400004 15.668 0.022000000000000002
2458653.5079200002 15.669 0.019
2458653.50889 15.663 0.015
2458653.50966 15.675999999999998 0.015
2458653.51131 15.677999999999999 0.015
2458653.5121299997 15.665 0.016
2458653.51292 15.658 0.013999999999999999
2458653.5137 15.679 0.015
2458653.51448 15.671 0.024
2458653.51528 15.69 0.015
2458653.51603 15.677 0.013999999999999999
2458653.5167799997 15.671 0.013999999999999999
2458653.51753 15.636 0.017
2458653.51833 15.663 0.013999999999999999
2458653.51909 15.675999999999998 0.016
2458653.51985 15.697000000000001 0.013000000000000001
2458653.5206 15.636 0.016
2458653.5213900004 15.659 0.044000000000000004
2458653.52598 15.692 0.046
2458653.52675 15.707 0.024
2458653.52755 15.665999999999999 0.023
2458653.52831 15.67 0.017
2458653.5290599996 15.692 0.015
2458653.52983 15.628 0.013999999999999999
2458653.53064 15.665 0.013999999999999999
2458653.5321400003 15.644 0.013999999999999999
2458653.5328900004 15.642000000000001 0.015
2458653.53369 15.607999999999999 0.013999999999999999
2458653.53444 15.634 0.016
2458653.5352 15.610999999999999 0.021
2458653.53596 15.651 0.021
2458653.53676 15.652000000000001 0.022000000000000002
2458653.5375099997 15.618 0.021
2458653.53826 15.607000000000001 0.026000000000000002
2458653.53903 15.6 0.02
2458653.53983 15.616 0.025
2458653.54058 15.620999999999999 0.022000000000000002
2458653.54133 15.630999999999998 0.022000000000000002
2458653.54208 15.633 0.021
2458653.54288 15.640999999999998 0.021
2458653.5436299997 15.633 0.023
2458653.54439 15.648 0.022000000000000002
2458653.54514 15.651 0.027000000000000003
2458653.54595 15.652999999999999 0.022000000000000002
2458653.5467 15.639000000000001 0.023
2458653.54745 15.655999999999999 0.021
2458653.5482099997 15.599 0.02
2458653.54899 15.616 0.021
2458653.54975 15.617 0.021
2458653.55051 15.635 0.023
2458653.5512599996 15.591 0.021
2458653.5520599997 15.610999999999999 0.025
2458653.55281 15.618 0.027999999999999997
2458653.55356 15.592 0.024
2458653.5543299997 15.610999999999999 0.023
2458653.55512 15.629000000000001 0.023
2458653.55588 15.622 0.025
2458653.55663 15.634 0.024
2458653.55738 15.642000000000001 0.026000000000000002
2458653.5581900002 15.64 0.021
2458653.5597 15.667 0.023
2458653.56047 15.626 0.023
2458653.56126 15.599 0.023
2458653.56201 15.638 0.022000000000000002
2458653.56277 15.600999999999999 0.024
2458653.56352 15.593 0.023
2458653.56432 15.581 0.026000000000000002
2458653.56507 15.632 0.024
2458655.717210648 15.289000000000001 0.027000000000000003
2458655.718761574 15.3 0.027000000000000003
2458655.7203125 15.322000000000001 0.027000000000000003
2458655.721863426 15.319 0.027999999999999997
2458655.7234143517 15.332 0.027999999999999997
2458655.7249652776 15.319 0.027000000000000003
2458655.726527778 15.297 0.026000000000000002
2458655.728078704 15.290999999999999 0.027999999999999997
2458655.7296296298 15.3 0.025
2458655.7311921297 15.322000000000001 0.026000000000000002
2458655.732743056 15.304 0.025
2458655.7343055555 15.321 0.027999999999999997
2458655.735914352 15.302 0.027999999999999997
2458655.7374652773 15.273 0.027000000000000003
2458655.739016204 15.335999999999999 0.027000000000000003
2458655.73929 15.694 0.011000000000000001
2458655.740578704 15.26 0.025
2458655.74079 15.663 0.011000000000000001
2458655.742141204 15.261 0.024
2458655.74228 15.667 0.011000000000000001
2458655.74375 15.298 0.025
2458655.74376 15.648 0.01
2458655.74526 15.657 0.011000000000000001
2458655.7453125 15.270999999999999 0.025
2458655.74674 15.658 0.009000000000000001
2458655.746875 15.234000000000002 0.022000000000000002
2458655.748425926 15.331 0.027000000000000003
2458655.750034722 15.34 0.026000000000000002
2458655.7512 15.652999999999999 0.013999999999999999
2458655.751585648 15.28 0.025
2458655.7531481483 15.302999999999999 0.025
2458655.75418 15.687000000000001 0.013000000000000001
2458655.754699074 15.324000000000002 0.025
2458655.75566 15.679 0.011000000000000001
2458655.75625 15.265999999999998 0.024
2458655.75715 15.649000000000001 0.01
2458655.7578703705 15.25 0.023
2458655.75863 15.683 0.012
2458655.7594212964 15.280999999999999 0.026000000000000002
2458655.76013 15.664000000000001 0.015
2458655.7609722223 15.296 0.026000000000000002
2458655.76161 15.652999999999999 0.012
2458655.762523148 15.26 0.024
2458655.7631 15.68 0.01
2458655.7641319446 15.35 0.027000000000000003
2458655.7656944445 15.267999999999999 0.026000000000000002
2458655.7672453704 15.345 0.026000000000000002
2458655.7687962963 15.283 0.028999999999999998
2458655.7690500002 15.709000000000001 0.008
2458655.7703587958 15.328 0.028999999999999998
2458655.77053 15.717 0.008
2458655.7719560186 15.309000000000001 0.025
2458655.77201 15.72 0.009000000000000001
2458655.7735 15.72 0.009000000000000001
2458655.7735069445 15.353 0.027999999999999997
2458655.77499 15.700999999999999 0.008
2458655.7750578704 15.312999999999999 0.027999999999999997
2458655.77647 15.702 0.008
2458655.7766203703 15.277999999999999 0.026000000000000002
2458655.77796 15.696 0.008
2458655.7781712958 15.294 0.026000000000000002
2458655.77944 15.687000000000001 0.008
2458655.779733796 15.261 0.028999999999999998
2458655.78094 15.694 0.008
2458655.781284722 15.237 0.027000000000000003
2458655.78242 15.674000000000001 0.008
2458655.7828472224 15.25 0.027999999999999997
2458655.7839 15.672 0.008
2458655.7843981483 15.283 0.027000000000000003
2458655.78538 15.679 0.008
2458655.785949074 15.319 0.027999999999999997
2458655.78688 15.687999999999999 0.008
2458655.787511574 15.302 0.027000000000000003
2458655.78836 15.71 0.008
2458655.7890625 15.277999999999999 0.027000000000000003
2458655.790625 15.350999999999999 0.03
2458655.7922222223 15.324000000000002 0.027999999999999997
2458655.79282 15.722999999999999 0.008
2458655.7937847227 15.298 0.027999999999999997
2458655.79431 15.704 0.008
2458655.795335648 15.264000000000001 0.027999999999999997
2458655.7958 15.710999999999999 0.008
2458655.79728 15.692 0.009000000000000001
2458655.79877 15.703 0.009000000000000001
2458655.80026 15.682 0.008
2458655.80175 15.67 0.009000000000000001
2458655.802592593 15.276 0.026000000000000002
2458655.8041435187 15.333 0.025
2458655.80471 15.689 0.009000000000000001
2458655.8057060186 15.3 0.026000000000000002
2458655.80619 15.710999999999999 0.009000000000000001
2458655.8072569445 15.304 0.026000000000000002
2458655.80769 15.715 0.009000000000000001
2458655.8088078704 15.311 0.026000000000000002
2458655.8103587963 15.311 0.025
2458655.81066 15.729000000000001 0.009000000000000001
2458655.8119212957 15.302999999999999 0.024
2458655.8135300926 15.3 0.024
2458655.81362 15.719000000000001 0.009000000000000001
2458655.8150694445 15.300999999999998 0.026000000000000002
2458655.8166319444 15.335 0.026000000000000002
2458655.8181 15.709000000000001 0.009000000000000001
2458655.8181712963 15.267999999999999 0.024
2458655.81958 15.695 0.009000000000000001
2458655.8197337957 15.267000000000001 0.024
2458655.82108 15.707 0.009000000000000001
2458655.8213310186 15.309000000000001 0.025
2458655.82257 15.705 0.009000000000000001
2458655.8228935185 15.272 0.025
2458655.8244328704 15.294 0.024
2458655.8259837963 15.345999999999998 0.026000000000000002
2458655.8275347226 15.302999999999999 0.026000000000000002
2458655.829097222 15.347999999999999 0.025
2458655.830648148 15.279000000000002 0.023
2458655.8321875 15.324000000000002 0.026000000000000002
2458655.8337384257 15.277000000000001 0.025
2458655.83515 15.700999999999999 0.008
2458655.8353009257 15.252 0.024
2458655.836840277 15.273 0.025
2458655.83813 15.703 0.008
2458655.838391204 15.299000000000001 0.025
2458655.84111 15.705 0.008
2458655.8426 15.690999999999999 0.008
2458655.843055556 15.318 0.026000000000000002
2458655.8441 15.67 0.008
2458655.844606481 15.251 0.026000000000000002
2458655.84559 15.669 0.008
2458655.8461574074 15.264000000000001 0.025
2458655.84707 15.690999999999999 0.008
2458655.84857 15.697000000000001 0.009000000000000001
2458655.85006 15.706 0.009000000000000001
2458655.85154 15.700999999999999 0.009000000000000001
2458655.85302 15.695 0.009000000000000001
2458655.8545 15.671 0.009000000000000001
2458655.8552314816 15.241 0.027000000000000003
2458655.8568287035 15.241 0.025
2458655.85748 15.693 0.009000000000000001
2458655.8583680554 15.235 0.025
2458655.8599189813 15.28 0.027999999999999997
2458655.86045 15.686 0.01
2458655.861469907 15.327 0.027999999999999997
2458655.86194 15.665 0.01
2458655.8630208327 15.239 0.025
2458655.86343 15.673 0.01
2458655.86492 15.630999999999998 0.011000000000000001
2458655.8664 15.655999999999999 0.012
2458655.8676851853 15.245 0.025
2458655.869236111 15.26 0.027000000000000003
2458655.870787037 15.247 0.026000000000000002
2458655.872349537 15.279000000000002 0.027999999999999997
2458655.873900463 15.277000000000001 0.027999999999999997
2458655.875451389 15.272 0.027000000000000003
2458655.8770023147 15.287 0.026000000000000002
2458655.8785648146 15.3 0.031
2458655.8801157405 15.357000000000001 0.033
2458655.881666667 15.289000000000001 0.032
2458655.8832175927 15.349 0.037000000000000005
2458655.8847800926 15.242 0.038
2458655.8863194445 15.322000000000001 0.04
2458656.4172099996 15.588 0.021
2458656.4179700003 15.536 0.018000000000000002
2458656.41877 15.569 0.017
2458656.41954 15.578 0.018000000000000002
2458656.4202900003 15.603 0.017
2458656.42105 15.577 0.017
2458656.42185 15.58 0.016
2458656.4226 15.581 0.02
2458656.42337 15.671 0.017
2458656.42412 15.657 0.018000000000000002
2458656.42491 15.61 0.016
2458656.4256599997 15.659 0.015
2458656.42642 15.65 0.016
2458656.42718 15.66 0.016
2458656.42799 15.612 0.016
2458656.4287400004 15.637 0.015
2458656.4295 15.616 0.019
2458656.43027 15.610999999999999 0.016
2458656.43106 15.612 0.015
2458656.43182 15.624 0.015
2458656.43258 15.654000000000002 0.013999999999999999
2458656.43333 15.618 0.015
2458656.43413 15.642000000000001 0.013999999999999999
2458656.4349 15.649000000000001 0.013999999999999999
2458656.43565 15.610999999999999 0.013999999999999999
2458656.4364 15.636 0.016
2458656.4372 15.616 0.012
2458656.43796 15.607999999999999 0.015
2458656.43872 15.636 0.013999999999999999
2458656.4394799997 15.635 0.013000000000000001
2458656.4402799997 15.654000000000002 0.015
2458656.44103 15.634 0.013000000000000001
2458656.44179 15.619000000000002 0.013000000000000001
2458656.44255 15.655 0.013999999999999999
2458656.44333 15.62 0.017
2458656.4441 15.639000000000001 0.013000000000000001
2458656.44485 15.67 0.013999999999999999
2458656.44561 15.67 0.016
2458656.44641 15.682 0.013000000000000001
2458656.44716 15.657 0.013999999999999999
2458656.44793 15.696 0.015
2458656.44869 15.681 0.013999999999999999
2458656.45052 15.655 0.013000000000000001
2458656.45128 15.645 0.012
2458656.4520400004 15.635 0.013000000000000001
2458656.4528 15.619000000000002 0.012
2458656.45498 15.616 0.012
2458656.45573 15.632 0.013000000000000001
2458656.45653 15.649000000000001 0.012
2458656.45738 15.610999999999999 0.013000000000000001
2458656.4581400002 15.624 0.012
2458656.4588900004 15.609000000000002 0.012
2458656.45964 15.624 0.011000000000000001
2458656.46044 15.595999999999998 0.011000000000000001
2458656.4612 15.628 0.013000000000000001
2458656.46196 15.642999999999999 0.012
2458656.46272 15.625 0.012
2458656.46352 15.637 0.012
2458656.46427 15.64 0.012
2458656.46503 15.645999999999999 0.012
2458656.4657900003 15.648 0.013000000000000001
2458656.4665900003 15.633 0.012
2458656.46735 15.620999999999999 0.013999999999999999
2458656.46811 15.634 0.013000000000000001
2458656.46887 15.644 0.012
2458656.46969 15.642000000000001 0.011000000000000001
2458656.4704400003 15.615 0.012
2458656.4712 15.626 0.013000000000000001
2458656.4719700003 15.629000000000001 0.012
2458656.47277 15.605 0.013999999999999999
2458656.47352 15.628 0.012
2458656.4742799997 15.597000000000001 0.011000000000000001
2458656.47503 15.624 0.012
2458656.4758599997 15.612 0.011000000000000001
2458656.47661 15.620999999999999 0.013000000000000001
2458656.47737 15.575999999999999 0.012
2458656.4781299997 15.597000000000001 0.013999999999999999
2458656.4789400003 15.625 0.012
2458656.4797 15.582 0.013000000000000001
2458656.48045 15.605 0.012
2458656.48122 15.59 0.012
2458656.482 15.584000000000001 0.012
2458656.48277 15.607999999999999 0.011000000000000001
2458656.48353 15.622 0.012
2458656.48428 15.628 0.011000000000000001
2458656.48509 15.634 0.012
2458656.4859 15.629000000000001 0.012
2458656.48666 15.624 0.012
2458656.48742 15.61 0.011000000000000001
2458656.48823 15.602 0.012
2458656.48898 15.597000000000001 0.013000000000000001
2458656.48975 15.609000000000002 0.012
2458656.4905 15.589 0.012
2458656.4913 15.582 0.011000000000000001
2458656.49206 15.609000000000002 0.013000000000000001
2458656.4928200003 15.604000000000001 0.012
2458656.49358 15.595 0.015
2458656.49438 15.605 0.012
2458656.4951400002 15.591 0.013000000000000001
2458656.4959 15.597999999999999 0.013000000000000001
2458656.4966599997 15.61 0.016
2458656.4974700003 15.567 0.017
2458656.49822 15.587 0.016
2458656.49897 15.592 0.018000000000000002
2458656.49975 15.59 0.017
2458656.5005900003 15.575999999999999 0.013999999999999999
2458656.50135 15.603 0.012
2458656.50211 15.629000000000001 0.012
2458656.50287 15.636 0.012
2458656.50367 15.628 0.012
2458656.5044299997 15.603 0.013000000000000001
2458656.50519 15.61 0.012
2458656.50594 15.61 0.013000000000000001
2458656.50675 15.603 0.012
2458656.5075 15.609000000000002 0.013999999999999999
2458656.50825 15.625 0.012
2458656.509 15.609000000000002 0.013000000000000001
2458656.50979 15.623 0.013000000000000001
2458656.51054 15.584000000000001 0.012
2458656.51131 15.597000000000001 0.013999999999999999
2458656.5120599996 15.614 0.013000000000000001
2458656.51287 15.592 0.013999999999999999
2458656.5144700003 15.585999999999999 0.015
2458656.51522 15.59 0.012
2458656.51597 15.585 0.013000000000000001
2458656.5167799997 15.597000000000001 0.013000000000000001
2458656.51755 15.585999999999999 0.012
2458656.5183 15.567 0.012
2458656.51905 15.575999999999999 0.012
2458656.51991 15.57 0.013000000000000001
2458656.52066 15.588 0.012
2458656.52142 15.613 0.015
2458656.52218 15.552 0.013000000000000001
2458656.52299 15.589 0.013999999999999999
2458656.52374 15.565 0.012
2458656.5245 15.591 0.012
2458656.52525 15.547 0.013000000000000001
2458656.5260400004 15.594000000000001 0.013000000000000001
2458656.5268099997 15.561 0.021
2458656.52756 15.61 0.02
2458656.52832 15.638 0.022000000000000002
2458656.52911 15.628 0.02
2458656.5298599997 15.578 0.022000000000000002
2458656.53063 15.604000000000001 0.022000000000000002
2458656.53219 15.63 0.023
2458656.5329400003 15.634 0.022000000000000002
2458656.53369 15.623 0.022000000000000002
2458656.5344599998 15.652999999999999 0.021
2458656.53525 15.609000000000002 0.022000000000000002
2458656.53601 15.661 0.021
2458656.5375200002 15.607999999999999 0.022000000000000002
2458656.5383200003 15.640999999999998 0.019
2458656.53909 15.616 0.02
2458656.53984 15.630999999999998 0.019
2458656.5405900003 15.613 0.022000000000000002
2458656.5413900004 15.61 0.02
2458656.54215 15.597000000000001 0.023
2458656.54291 15.584000000000001 0.02
2458656.54366 15.57 0.02
2458656.5444400003 15.573 0.02
2458656.54522 15.575 0.02
2458656.54598 15.579 0.02
2458656.54674 15.595 0.021
2458656.54753 15.579 0.022000000000000002
2458656.5483 15.591 0.021
2458656.54905 15.595 0.023
2458656.5498 15.597999999999999 0.022000000000000002
2458656.5506 15.642000000000001 0.022000000000000002
2458656.55135 15.595999999999998 0.021
2458656.55211 15.630999999999998 0.021
2458656.5528700002 15.620999999999999 0.023
2458656.5536700003 15.617 0.024
2458656.55442 15.623 0.024
2458656.55519 15.629000000000001 0.023
2458656.5559400003 15.625 0.027000000000000003
2458656.5567400004 15.6 0.023
2458656.55749 15.605 0.022000000000000002
2458656.55824 15.595 0.025
2458656.559 15.575 0.021
2458656.55985 15.569 0.022000000000000002
2458656.5606 15.567 0.022000000000000002
2458656.56135 15.548 0.024
2458656.56211 15.595 0.024
2458656.56289 15.585 0.027000000000000003
2458656.56365 15.622 0.023
2458656.5644 15.593 0.022000000000000002
2458656.5651599998 15.594000000000001 0.025
2458656.56596 15.585 0.023
2458656.56671 15.582 0.024
2458656.5674799997 15.603 0.024
2458656.56823 15.642999999999999 0.027000000000000003
2458656.56903 15.607999999999999 0.026000000000000002
2458656.56979 15.613 0.027000000000000003
2458656.57054 15.591 0.027000000000000003
2458656.5713 15.578 0.025
2458656.57208 15.622 0.027000000000000003
2458657.4013 15.665 0.027999999999999997
2458657.40205 15.634 0.025
2458657.40285 15.652000000000001 0.027000000000000003
2458657.4036 15.64 0.022000000000000002
2458657.40435 15.622 0.027000000000000003
2458657.4051200002 15.615 0.022000000000000002
2458657.40589 15.584000000000001 0.026000000000000002
2458657.40666 15.634 0.023
2458657.40741 15.579 0.021
2458657.4081599996 15.634 0.022000000000000002
2458657.40897 15.623 0.022000000000000002
2458657.40975 15.637 0.018000000000000002
2458657.4105 15.59 0.016
2458657.41125 15.603 0.019
2458657.41206 15.637 0.017
2458657.4128099997 15.617 0.021
2458657.41356 15.675 0.018000000000000002
2458657.41432 15.634 0.018000000000000002
2458657.41512 15.67 0.017
2458657.41587 15.648 0.017
2458657.41663 15.668 0.018000000000000002
2458657.41738 15.663 0.017
2458657.41817 15.645 0.023
2458657.4189400002 15.607000000000001 0.015
2458657.4196900004 15.665 0.02
2458657.42044 15.677999999999999 0.016
2458657.42124 15.667 0.017
2458657.42199 15.645 0.015
2458657.4227400003 15.671 0.015
2458657.4235 15.630999999999998 0.016
2458657.4243099997 15.652999999999999 0.013000000000000001
2458657.42506 15.623 0.016
2458657.42581 15.637 0.013999999999999999
2458657.42656 15.602 0.013999999999999999
2458657.42738 15.610999999999999 0.013000000000000001
2458657.42814 15.592 0.013000000000000001
2458657.42889 15.603 0.013000000000000001
2458657.42964 15.603 0.013000000000000001
2458657.43045 15.593 0.013999999999999999
2458657.43122 15.579 0.013000000000000001
2458657.4319700003 15.622 0.015
2458657.43272 15.632 0.013000000000000001
2458657.43352 15.630999999999998 0.076
2458657.43502 15.629000000000001 0.013999999999999999
2458657.43579 15.655 0.013999999999999999
2458657.43659 15.615 0.013999999999999999
2458657.43734 15.639000000000001 0.015
2458657.4381 15.634 0.013000000000000001
2458657.43885 15.620999999999999 0.015
2458657.43964 15.64 0.013000000000000001
2458657.44039 15.629000000000001 0.013999999999999999
2458657.44116 15.620999999999999 0.013000000000000001
2458657.44191 15.651 0.012
2458657.4427099996 15.602 0.013000000000000001
2458657.4434599997 15.597000000000001 0.012
2458657.44421 15.635 0.013000000000000001
2458657.44498 15.604000000000001 0.012
2458657.4457900003 15.620999999999999 0.013999999999999999
2458657.4465400004 15.615 0.011000000000000001
2458657.44729 15.63 0.012
2458657.44804 15.612 0.012
2458657.44884 15.624 0.011000000000000001
2458657.4504299997 15.626 0.012
2458657.45118 15.599 0.012
2458657.45193 15.604000000000001 0.012
2458657.45274 15.582 0.015
2458657.4535 15.577 0.012
2458657.45425 15.600999999999999 0.012
2458657.455 15.59 0.013000000000000001
2458657.4558 15.587 0.012
2458657.45656 15.569 0.012
2458657.45733 15.569 0.012
2458657.45888 15.592 0.011000000000000001
2458657.45963 15.585 0.012
2458657.46038 15.575999999999999 0.012
2458657.4611299997 15.574000000000002 0.011000000000000001
2458657.4619400003 15.584000000000001 0.011000000000000001
2458657.4627 15.569 0.01
2458657.46345 15.562999999999999 0.011000000000000001
2458657.4642 15.588 0.011000000000000001
2458657.465 15.614 0.011000000000000001
2458657.46575 15.587 0.011000000000000001
2458657.4665 15.627 0.013000000000000001
2458657.46726 15.609000000000002 0.011000000000000001
2458657.46806 15.620999999999999 0.011000000000000001
2458657.46881 15.630999999999998 0.011000000000000001
2458657.4695599996 15.634 0.011000000000000001
2458657.47031 15.651 0.011000000000000001
2458657.47111 15.636 0.011000000000000001
2458657.47186 15.645 0.013000000000000001
2458657.47262 15.657 0.011000000000000001
2458657.47338 15.651 0.012
2458657.4741700003 15.624 0.011000000000000001
2458657.47492 15.609000000000002 0.011000000000000001
2458657.47567 15.630999999999998 0.011000000000000001
2458657.4764400003 15.636 0.01
2458657.47723 15.630999999999998 0.011000000000000001
2458657.47799 15.619000000000002 0.011000000000000001
2458657.47874 15.604000000000001 0.013999999999999999
2458657.4794900003 15.609000000000002 0.011000000000000001
2458657.4802900003 15.622 0.011000000000000001
2458657.48104 15.613 0.011000000000000001
2458657.48179 15.597999999999999 0.01
2458657.48255 15.588 0.011000000000000001
2458657.48336 15.593 0.01
2458657.48411 15.595999999999998 0.011000000000000001
2458657.4848599997 15.589 0.01
2458657.48561 15.588 0.012
2458657.4864 15.594000000000001 0.01
2458657.48716 15.6 0.011000000000000001
2458657.48792 15.599 0.011000000000000001
2458657.48867 15.585999999999999 0.01
2458657.48947 15.591 0.011000000000000001
2458657.49023 15.595 0.01
2458657.49098 15.609000000000002 0.013000000000000001
2458657.49174 15.600999999999999 0.01
2458657.49253 15.624 0.011000000000000001
2458657.49329 15.635 0.012
2458657.4940400003 15.66 0.016
2458657.4947900004 15.648 0.015
2458657.49559 15.65 0.015
2458657.49634 15.644 0.015
2458657.49711 15.622 0.013999999999999999
2458657.49792 15.642000000000001 0.012
2458657.4987 15.620999999999999 0.011000000000000001
2458657.49947 15.595 0.012
2458657.5002200003 15.606 0.011000000000000001
2458657.50097 15.606 0.011000000000000001
2458657.50178 15.618 0.012
2458657.5025299997 15.59 0.01
2458657.5032900004 15.61 0.01
2458657.50404 15.579 0.011000000000000001
2458657.5048700003 15.583 0.011000000000000001
2458657.50563 15.585999999999999 0.011000000000000001
2458657.50639 15.607999999999999 0.012
2458657.5071400004 15.588 0.011000000000000001
2458657.50794 15.602 0.011000000000000001
2458657.50869 15.597999999999999 0.011000000000000001
2458657.50944 15.595999999999998 0.011000000000000001
2458657.5102 15.607999999999999 0.011000000000000001
2458657.51101 15.622 0.011000000000000001
2458657.5117599997 15.623 0.012
2458657.51252 15.612 0.01
2458657.5141 15.616 0.011000000000000001
2458657.5149 15.630999999999998 0.011000000000000001
2458657.51566 15.63 0.012
2458657.5164099997 15.633 0.011000000000000001
2458657.51716 15.633 0.012
2458657.51796 15.652999999999999 0.012
2458657.51873 15.654000000000002 0.013999999999999999
2458657.51947 15.636 0.011000000000000001
2458657.52023 15.63 0.012
2458657.52103 15.667 0.013000000000000001
2458657.52178 15.668 0.012
2458657.52255 15.665 0.013000000000000001
2458657.5233 15.647 0.012
2458657.52409 15.655999999999999 0.032
2458657.52484 15.617 0.017
2458657.52559 15.655999999999999 0.02
2458657.5263400003 15.640999999999998 0.019
2458657.5271400004 15.655999999999999 0.02
2458657.5279099997 15.633 0.018000000000000002
2458657.52866 15.642000000000001 0.018000000000000002
2458657.52941 15.652999999999999 0.018000000000000002
2458657.53021 15.645999999999999 0.018000000000000002
2458657.5309599997 15.651 0.021
2458657.53171 15.618 0.017
2458657.53248 15.652999999999999 0.022000000000000002
2458657.53326 15.642999999999999 0.019
2458657.53402 15.657 0.02
2458657.53478 15.613 0.019
2458657.53553 15.619000000000002 0.018000000000000002
2458657.53633 15.617 0.033
2458657.53709 15.609000000000002 0.019
2458657.53785 15.627 0.023
2458657.5386 15.597999999999999 0.018000000000000002
2458657.5394 15.634 0.021
2458657.54015 15.634 0.018000000000000002
2458657.54091 15.655999999999999 0.019
2458657.54167 15.593 0.019
2458657.54247 15.638 0.019
2458657.54322 15.623 0.019
2458657.54397 15.635 0.019
2458657.5447299997 15.636 0.022000000000000002
2458657.5455099996 15.630999999999998 0.021
2458657.5462700003 15.579 0.022000000000000002
2458657.54703 15.630999999999998 0.021
2458657.54778 15.640999999999998 0.021
2458657.54868 15.62 0.024
2458657.54943 15.618 0.02
2458657.55017 15.640999999999998 0.021
2458657.55094 15.66 0.021
2458657.55172 15.615 0.022000000000000002
2458657.55248 15.639000000000001 0.021
2458657.5532400003 15.624 0.025
2458657.554 15.61 0.022000000000000002
2458657.55479 15.562999999999999 0.021
2458657.55556 15.58 0.022000000000000002
2458657.55631 15.609000000000002 0.021
2458657.55706 15.578 0.022000000000000002
2458657.55786 15.571 0.021
2458657.55863 15.589 0.024
2458657.55939 15.591 0.021
2458657.56014 15.622 0.025
2458657.56093 15.595 0.024
2458657.56168 15.585 0.021
2458657.56243 15.592 0.023
2458657.56319 15.628 0.024
2458657.56398 15.623 0.024
2458657.5647299998 15.667 0.022000000000000002
2458657.5655 15.679 0.027000000000000003
2458659.40991 15.677 0.02
2458659.41067 15.686 0.021
2458659.4114599996 15.647 0.023
2458659.4122200003 15.669 0.021
2458659.41297 15.620999999999999 0.021
2458659.41373 15.626 0.02
2458659.41455 15.635 0.021
2458659.4153 15.636 0.022000000000000002
2458659.41605 15.675 0.03
2458659.41682 15.603 0.021
2458659.41762 15.679 0.027000000000000003
2458659.41837 15.645999999999999 0.025
2458659.4191400004 15.671 0.025
2458659.4199 15.658 0.027999999999999997
2458659.4207099997 15.705 0.027999999999999997
2458659.42146 15.687000000000001 0.035
2458659.42222 15.698 0.031
2458659.4229900003 15.798 0.05
2458659.42377 15.690999999999999 0.037000000000000005
2458659.42454 15.687999999999999 0.043
2458659.42531 15.710999999999999 0.046
2458659.42608 15.734000000000002 0.040999999999999995
2458659.4268900002 15.617 0.046
2458659.42765 15.672 0.040999999999999995
2458659.4284 15.71 0.039
2458659.42917 15.68 0.033
2458659.42997 15.724 0.046
2458659.43073 15.687000000000001 0.034
2458659.43148 15.715 0.04
2458659.43225 15.649000000000001 0.035
2458659.4330700003 15.63 0.032
2458659.43383 15.65 0.03
2458659.43459 15.615 0.03
2458659.43536 15.584000000000001 0.037000000000000005
2458659.43616 15.642000000000001 0.034
2458659.43693 15.682 0.045
2458659.43769 15.65 0.032
2458659.43845 15.674000000000001 0.034
2458659.43925 15.668 0.033
2458659.44001 15.620999999999999 0.03
2458659.44078 15.657 0.028999999999999998
2458659.44154 15.671 0.025
2458659.44235 15.605 0.026000000000000002
2458659.4431 15.73 0.027999999999999997
2458659.44387 15.686 0.036000000000000004
2458659.44462 15.724 0.036000000000000004
2458659.44543 15.690999999999999 0.042
2458659.44619 15.738 0.043
2458659.44696 15.652000000000001 0.039
2458659.44771 15.704 0.055
2458659.4485 15.62 0.057
2458659.45002 15.636 0.06
2458659.6219200003 15.569 0.027000000000000003
2458659.6228400003 15.565999999999999 0.026000000000000002
2458659.62377 15.552 0.024
2458659.62468 15.539000000000001 0.023
2458659.62568 15.572000000000001 0.022000000000000002
2458659.62659 15.568 0.021
2458659.62751 15.583 0.019
2458659.62843 15.572000000000001 0.02
2458659.62934 15.607000000000001 0.021
2458659.63032 15.571 0.022000000000000002
2458659.63124 15.605 0.024
2458659.63215 15.615 0.026000000000000002
2458659.63307 15.613 0.023
2458659.63398 15.623 0.024
2458659.63501 15.63 0.023
2458659.63595 15.63 0.027999999999999997
2458659.63685 15.632 0.025
2458659.63777 15.628 0.023
2458659.6386700002 15.615 0.021
2458659.63964 15.592 0.025
2458659.6405700003 15.599 0.023
2458659.64147 15.585999999999999 0.022000000000000002
2458659.6424 15.57 0.02
2458659.6433 15.578 0.026000000000000002
2458659.64429 15.552999999999999 0.02
2458659.7328935186 15.287 0.025
2458659.7344444445 15.325 0.026000000000000002
2458659.7360069444 15.332 0.025
2458659.7375694443 15.290999999999999 0.025
2458659.7391203702 15.276 0.023
2458659.740671296 15.29 0.025
2458659.742280093 15.26 0.025
2458659.7438425925 15.276 0.022000000000000002
2458659.7453935184 15.288 0.022000000000000002
2458659.7469444443 15.289000000000001 0.022000000000000002
2458659.74849537 15.297 0.024
2458659.750104166 15.299000000000001 0.023
2458659.7516550925 15.261 0.023
2458659.7532060184 15.280999999999999 0.023
2458659.7547685183 15.322000000000001 0.025
2458659.7563194446 15.297 0.023
2458659.7578819445 15.295 0.025
2458659.7594328704 15.317 0.024
2458659.7609837963 15.299000000000001 0.023
2458659.7625347227 15.32 0.023
2458659.7641435186 15.232999999999999 0.021
2458659.7656944445 15.305 0.023
2458659.7672453704 15.289000000000001 0.023
2458659.7687962963 15.3 0.024
2458659.7694900003 15.824000000000002 0.004
2458659.7703472227 15.229000000000001 0.021
2458659.77097 15.842 0.004
2458659.7719560186 15.299000000000001 0.023
2458659.77245 15.863 0.004
2458659.7735185185 15.28 0.023
2458659.77394 15.865 0.004
2458659.7750694444 15.314 0.024
2458659.77542 15.867 0.004
2458659.7766203703 15.288 0.023
2458659.77691 15.852 0.004
2458659.7782291668 15.29 0.024
2458659.7784 15.850999999999999 0.004
2458659.7797800926 15.308 0.024
2458659.77988 15.856 0.004
2458659.781342593 15.265 0.022000000000000002
2458659.78138 15.845 0.004
2458659.78287 15.852 0.004
2458659.7829050925 15.312999999999999 0.023
2458659.78435 15.844000000000001 0.004
2458659.7844560184 15.25 0.021
2458659.78583 15.849 0.003
2458659.786064815 15.287 0.023
2458659.78731 15.856 0.004
2458659.78881 15.850999999999999 0.004
2458659.7903 15.84 0.004
2458659.79178 15.857000000000001 0.004
2458659.7922685184 15.312999999999999 0.025
2458659.7932599997 15.869000000000002 0.004
2458659.7938310183 15.307 0.026000000000000002
2458659.79475 15.869000000000002 0.004
2458659.7953819446 15.344000000000001 0.026000000000000002
2458659.79623 15.88 0.004
2458659.7969328705 15.284 0.025
2458659.7984837964 15.277999999999999 0.026000000000000002
2458659.8000347223 15.287 0.026000000000000002
2458659.80068 15.880999999999998 0.004
2458659.801585648 15.267000000000001 0.025
2458659.803148148 15.305 0.026000000000000002
2458659.804699074 15.267999999999999 0.025
2458659.80625 15.31 0.027000000000000003
2458659.80663 15.822000000000001 0.004
2458659.807800926 15.220999999999998 0.025
2458659.80816 15.818 0.003
2458659.8093518517 15.27 0.025
2458659.80964 15.841 0.003
2458659.810914352 15.288 0.027000000000000003
2458659.8111099997 15.86 0.004
2458659.812453704 15.276 0.026000000000000002
2458659.81259 15.870999999999999 0.004
2458659.814004629 15.304 0.026000000000000002
2458659.81407 15.862 0.004
2458659.81556 15.857000000000001 0.004
2458659.8155671298 15.32 0.027000000000000003
2458659.81704 15.87 0.004
2458659.817118056 15.28 0.025
2458659.81852 15.859000000000002 0.004
2458659.8186574075 15.343 0.028999999999999998
2458659.82001 15.844000000000001 0.004
2458659.8202199074 15.264000000000001 0.026000000000000002
2458659.82149 15.839 0.004
2458659.8217708333 15.252 0.025
2458659.82296 15.824000000000002 0.004
2458659.823333333 15.288 0.03
2458659.824884259 15.265 0.026000000000000002
2458659.82509 15.844000000000001 0.005
2458659.826423611 15.295 0.026000000000000002
2458659.82657 15.843 0.004
2458659.8280599997 15.855 0.005
2458659.8310599998 15.847999999999999 0.006
2458659.8310879627 15.244000000000002 0.024
2458659.83255 15.870999999999999 0.004
2458659.8326388886 15.293 0.026000000000000002
2458659.83403 15.877 0.005
2458659.8341898154 15.280999999999999 0.025
2458659.8355099997 15.868 0.004
2458659.835740741 15.235 0.024
2458659.837 15.85 0.004
2458659.8385 15.850999999999999 0.004
2458659.84002 15.833 0.004
2458659.8415 15.838 0.004
2458659.84297 15.854000000000001 0.005
2458659.8442708333 15.290999999999999 0.023
2458659.84448 15.863 0.004
2458659.845821759 15.293 0.023
2458659.846 15.864 0.004
2458659.84748 15.880999999999998 0.005
2458659.8489599996 15.864 0.004
2458659.85045 15.865 0.004
2458659.850474537 15.345 0.024
2458659.85193 15.864 0.004
2458659.852025463 15.296 0.025
2458659.85346 15.839 0.005
2458659.8535763887 15.293 0.023
2458659.85493 15.845 0.005
2458659.8551388886 15.32 0.024
2458659.85641 15.869000000000002 0.005
2458659.8566782405 15.32 0.024
2458659.858240741 15.334000000000001 0.024
2458659.8598032407 15.286 0.023
2458659.86084 15.889000000000001 0.005
2458659.861354166 15.327 0.025
2458659.86235 15.888 0.005
2458659.8629513886 15.261 0.024
2458659.8638400002 15.887 0.006
2458659.864513889 15.331 0.024
2458659.86532 15.878 0.005
2458659.866064815 15.285 0.023
2458659.8676157407 15.308 0.024
2458659.86833 15.857000000000001 0.005
2458659.869178241 15.302999999999999 0.023
2458659.8698299997 15.857000000000001 0.005
2458659.870729166 15.284 0.025
2458659.8722800924 15.318 0.025
2458659.8728 15.868 0.006
2458659.8738425924 15.277999999999999 0.025
2458659.87428 15.863 0.006
2458659.8753819442 15.322000000000001 0.025
2458659.8757599997 15.865 0.008
2458659.87693287 15.315 0.026000000000000002
2458659.87725 15.866 0.008
2458659.883148148 15.332 0.035
2458659.884710648 15.325999999999999 0.036000000000000004
2458659.886261574 15.319 0.039
2458659.8878125 15.367 0.044000000000000004
2458661.0935299997 15.675 0.013999999999999999
2458661.09473 15.673 0.013999999999999999
2458661.0956099997 15.669 0.013999999999999999
2458661.09678 15.677 0.013999999999999999
2458661.09766 15.657 0.013999999999999999
2458661.09878 15.694 0.013999999999999999
2458661.0997099997 15.628 0.013000000000000001
2458661.10087 15.65 0.013999999999999999
2458661.10178 15.655 0.013000000000000001
2458661.10287 15.662 0.013000000000000001
2458661.10383 15.642999999999999 0.013000000000000001
2458661.10483 15.620999999999999 0.013000000000000001
2458661.10587 15.65 0.013000000000000001
2458661.10676 15.658 0.013999999999999999
2458661.10794 15.644 0.013999999999999999
2458661.10883 15.677 0.013999999999999999
2458661.11013 15.693 0.013999999999999999
2458661.1113 15.694 0.013999999999999999
2458661.11212 15.663 0.013999999999999999
2458661.11301 15.668 0.013999999999999999
2458661.1142 15.66 0.013000000000000001
2458661.1152 15.652999999999999 0.013000000000000001
2458661.1162799997 15.682 0.013999999999999999
2458661.11716 15.645 0.013000000000000001
2458661.1183599997 15.682 0.013999999999999999
2458661.11925 15.652999999999999 0.013999999999999999
2458661.12044 15.645 0.013999999999999999
2458661.12145 15.665999999999999 0.013999999999999999
2458661.12255 15.665999999999999 0.013999999999999999
2458661.12354 15.67 0.013999999999999999
2458661.12463 15.66 0.013000000000000001
2458661.12561 15.669 0.013999999999999999
2458661.12656 15.665999999999999 0.013999999999999999
2458661.1274900003 15.668 0.013999999999999999
2458661.12865 15.687000000000001 0.013999999999999999
2458661.12957 15.7 0.013999999999999999
2458661.1307200002 15.697000000000001 0.013999999999999999
2458661.13166 15.685 0.013999999999999999
2458661.13282 15.690999999999999 0.013999999999999999
2458661.13377 15.700999999999999 0.013999999999999999
2458661.1349 15.675 0.013999999999999999
2458661.13581 15.698 0.013999999999999999
2458661.13693 15.697000000000001 0.013999999999999999
2458661.1378599997 15.661 0.013999999999999999
2458661.13876 15.67 0.013999999999999999
2458661.13991 15.665999999999999 0.013999999999999999
2458661.14078 15.662 0.013999999999999999
2458661.14194 15.687000000000001 0.013999999999999999
2458661.1428400003 15.658 0.013999999999999999
2458661.14403 15.626 0.013999999999999999
2458661.1449 15.648 0.013999999999999999
2458661.14602 15.649000000000001 0.013999999999999999
2458661.14696 15.659 0.013999999999999999
2458661.1481 15.675999999999998 0.013000000000000001
2458661.14904 15.671 0.013999999999999999
2458661.1501700003 15.667 0.013999999999999999
2458661.1511 15.648 0.013999999999999999
2458661.15222 15.687999999999999 0.013999999999999999
2458661.1531599998 15.698 0.013999999999999999
2458661.1543799997 15.683 0.013999999999999999
2458661.15527 15.669 0.013999999999999999
2458661.15606 15.682 0.013999999999999999
2458661.15727 15.681 0.013999999999999999
2458661.15822 15.667 0.013999999999999999
2458661.15936 15.673 0.013999999999999999
2458661.1603 15.652999999999999 0.013999999999999999
2458661.16145 15.665 0.015
2458661.16238 15.655999999999999 0.013999999999999999
2458661.1633900004 15.657 0.013999999999999999
2458661.16434 15.645999999999999 0.013999999999999999
2458661.16547 15.637 0.013999999999999999
2458661.16642 15.672 0.015
2458661.16758 15.635 0.013999999999999999
2458661.1685200003 15.675999999999998 0.013999999999999999
2458661.16968 15.640999999999998 0.013999999999999999
2458661.17063 15.675 0.013999999999999999
2458661.1718200003 15.718 0.015
2458661.1727299998 15.681 0.015
2458661.17395 15.671 0.016
2458661.1769 15.716 0.015
2458661.1781099997 15.697000000000001 0.015
2458661.17905 15.695 0.015
2458661.18021 15.679 0.015
2458661.18113 15.67 0.015
2458661.1822900004 15.66 0.013999999999999999
2458661.18322 15.675 0.015
2458661.18438 15.635 0.015
2458661.1853 15.661 0.013999999999999999
2458661.18646 15.671 0.015
2458661.18738 15.665999999999999 0.015
2458661.18854 15.687000000000001 0.015
2458661.1894799997 15.669 0.015
2458661.19063 15.674000000000001 0.015
2458661.19155 15.695 0.015
2458661.19272 15.710999999999999 0.015
2458661.19363 15.700999999999999 0.015
2458661.19479 15.706 0.015
2458661.19572 15.695 0.015
2458661.1968799997 15.667 0.015
2458661.1978700003 15.673 0.015
2458661.199 15.658 0.015
2458661.1998099997 15.652000000000001 0.015
2458661.20101 15.644 0.015
2458661.20191 15.645999999999999 0.015
2458661.2031400003 15.673 0.016
2458661.20406 15.673 0.016
2458661.20522 15.664000000000001 0.016
2458661.2062 15.661 0.016
2458661.2073 15.662 0.016
2458661.20833 15.673 0.017
2458661.20925 15.667 0.017
2458661.2102 15.675 0.016
2458661.21142 15.671 0.017
2458661.21233 15.686 0.017
2458661.21356 15.690999999999999 0.017
2458661.21458 15.684000000000001 0.018000000000000002
2458661.2155 15.677999999999999 0.017
2458661.21645 15.681 0.018000000000000002
2458661.21767 15.665999999999999 0.016
2458661.21859 15.659 0.016
2458661.2198099997 15.654000000000002 0.015
2458661.22084 15.625 0.016
2458661.22175 15.614 0.015
2458661.22271 15.625 0.015
2458661.2236200003 15.623 0.015
2458661.22468 15.661 0.016
2458661.22547 15.64 0.015
2458661.22662 15.610999999999999 0.015
2458661.22745 15.618 0.015
2458661.22854 15.602 0.015
2458661.22957 15.606 0.015
2458661.23067 15.612 0.015
2458661.2316799997 15.661 0.016
2458661.23285 15.675 0.017
2458661.2337 15.645 0.017
2458661.23449 15.634 0.016
2458661.23565 15.655999999999999 0.016
2458661.2366 15.66 0.016
2458661.23782 15.697000000000001 0.016
2458661.23874 15.642999999999999 0.015
2458661.23997 15.664000000000001 0.016
2458661.24078 15.647 0.016
2458661.24211 15.639000000000001 0.015
2458661.24296 15.640999999999998 0.016
2458661.24413 15.673 0.017
2458661.24493 15.663 0.016
2458661.2461 15.654000000000002 0.016
2458661.24694 15.655999999999999 0.017
2458661.24775 15.649000000000001 0.016
2458661.24874 15.633 0.016
2458661.24975 15.647 0.016
2458661.25091 15.642999999999999 0.017
2458661.25188 15.675999999999998 0.017
2458661.2527900003 15.648 0.016
2458661.2537 15.65 0.017
2458661.25455 15.648 0.017
2458661.25535 15.655999999999999 0.016
2458661.2562599997 15.655999999999999 0.016
2458661.25733 15.645 0.016
2458661.25814 15.633 0.016
2458661.25906 15.642999999999999 0.016
2458661.25999 15.65 0.017
2458661.26095 15.645999999999999 0.018000000000000002
2458661.26194 15.620999999999999 0.016
2458661.26275 15.644 0.017
2458661.26359 15.637 0.018000000000000002
2458661.26472 15.642000000000001 0.018000000000000002
2458661.2655599997 15.642000000000001 0.018000000000000002
2458661.26637 15.68 0.017
2458661.26716 15.665 0.018000000000000002
2458661.26834 15.645999999999999 0.018000000000000002
2458661.26929 15.642999999999999 0.018000000000000002
2458661.27053 15.662 0.017
2458661.27133 15.645999999999999 0.019
2458661.2723 15.664000000000001 0.017
2458661.27317 15.665 0.017
2458661.27412 15.677 0.017
2458661.27514 15.684000000000001 0.019
2458661.2759700003 15.68 0.021
2458661.27692 15.714 0.02
2458661.2781700003 15.665 0.021
2458661.27897 15.700999999999999 0.021
2458661.27988 15.628 0.019
2458661.2808 15.69 0.019
2458661.2817599997 15.658 0.018000000000000002
2458661.28278 15.665999999999999 0.019
2458661.2836 15.645999999999999 0.019
2458661.41076 15.577 0.018000000000000002
2458661.4115400002 15.572000000000001 0.017
2458661.41235 15.6 0.02
2458661.4131 15.595999999999998 0.017
2458661.4138700003 15.593 0.018000000000000002
2458661.41463 15.591 0.018000000000000002
2458661.41544 15.607000000000001 0.018000000000000002
2458661.4162 15.609000000000002 0.017
2458661.41697 15.617 0.017
2458661.4177200003 15.617 0.018000000000000002
2458661.4201599997 15.648 0.015
2458661.42093 15.667 0.017
2458661.42168 15.622 0.015
2458661.4224799997 15.607999999999999 0.015
2458661.4232400004 15.648 0.015
2458661.42399 15.609000000000002 0.015
2458661.42476 15.651 0.016
2458661.42557 15.640999999999998 0.015
2458661.4263299997 15.644 0.016
2458661.4270900004 15.651 0.015
2458661.42785 15.623 0.017
2458661.4286599997 15.644 0.015
2458661.42942 15.622 0.015
2458661.43019 15.642000000000001 0.017
2458661.4309400003 15.632 0.013999999999999999
2458661.4317400004 15.638 0.015
2458661.43249 15.639000000000001 0.015
2458661.43325 15.652999999999999 0.017
2458661.434 15.642999999999999 0.013999999999999999
2458661.43481 15.637 0.015
2458661.43557 15.642999999999999 0.015
2458661.43633 15.651 0.013999999999999999
2458661.43709 15.68 0.017
2458661.43791 15.642000000000001 0.013999999999999999
2458661.43867 15.669 0.015
2458661.43943 15.669 0.013999999999999999
2458661.44019 15.681 0.016
2458661.441 15.695 0.013999999999999999
2458661.44175 15.683 0.015
2458661.4425 15.671 0.019
2458661.44328 15.677 0.013999999999999999
2458661.4440900004 15.694 0.015
2458661.44484 15.665999999999999 0.013999999999999999
2458661.4456 15.66 0.013000000000000001
2458661.44635 15.648 0.013999999999999999
2458661.44716 15.662 0.015
2458661.44792 15.665 0.013000000000000001
2458661.44868 15.668 0.015
2458661.44944 15.652999999999999 0.013000000000000001
2458661.45024 15.663 0.013000000000000001
2458661.451 15.68 0.013000000000000001
2458661.4517599996 15.692 0.013000000000000001
2458661.4525099997 15.687999999999999 0.013000000000000001
2458661.45333 15.679 0.013000000000000001
2458661.4541 15.68 0.013999999999999999
2458661.45485 15.702 0.013000000000000001
2458661.45561 15.681 0.015
2458661.4564 15.677999999999999 0.013999999999999999
2458661.45718 15.685 0.013000000000000001
2458661.45793 15.714 0.015
2458661.45869 15.663 0.012
2458661.4594900003 15.655 0.013000000000000001
2458661.46025 15.655 0.013000000000000001
2458661.4610200003 15.672 0.013999999999999999
2458661.46177 15.655 0.013000000000000001
2458661.46258 15.663 0.013999999999999999
2458661.4634 15.654000000000002 0.012
2458661.46416 15.655 0.012
2458661.4649099996 15.645 0.013000000000000001
2458661.46572 15.671 0.012
2458661.46648 15.672 0.013000000000000001
2458661.46725 15.667 0.012
2458661.468 15.677 0.013999999999999999
2458661.4688 15.665 0.012
2458661.4695599996 15.687999999999999 0.015
2458661.47032 15.687999999999999 0.013000000000000001
2458661.47109 15.689 0.012
2458661.4719 15.67 0.012
2458661.47265 15.679 0.012
2458661.4734099996 15.677 0.013000000000000001
2458661.4742400004 15.659 0.012
2458661.47503 15.639000000000001 0.012
2458661.4758 15.634 0.011000000000000001
2458661.47655 15.652000000000001 0.013000000000000001
2458661.47733 15.635 0.011000000000000001
2458661.4781400003 15.647 0.012
2458661.4788900004 15.664000000000001 0.012
2458661.47965 15.675999999999998 0.012
2458661.48041 15.664000000000001 0.013000000000000001
2458661.48122 15.702 0.013000000000000001
2458661.48284 15.659 0.016
2458661.4835900003 15.7 0.018000000000000002
2458661.48434 15.66 0.016
2458661.48515 15.682 0.017
2458661.4859 15.686 0.016
2458661.48667 15.652999999999999 0.013000000000000001
2458661.48742 15.65 0.012
2458661.48822 15.654000000000002 0.012
2458661.4889700003 15.652999999999999 0.013000000000000001
2458661.48973 15.671 0.012
2458661.49049 15.669 0.013000000000000001
2458661.49127 15.657 0.012
2458661.49203 15.652999999999999 0.013999999999999999
2458661.49278 15.630999999999998 0.012
2458661.49354 15.640999999999998 0.011000000000000001
2458661.49434 15.620999999999999 0.012
2458661.4951 15.659 0.013000000000000001
2458661.4958599997 15.613 0.012
2458661.49661 15.638 0.011000000000000001
2458661.4974 15.63 0.012
2458661.49823 15.639000000000001 0.012
2458661.49898 15.704 0.013999999999999999
2458661.49973 15.665999999999999 0.011000000000000001
2458661.50054 15.66 0.012
2458661.5013099997 15.683 0.012
2458661.50206 15.696 0.012
2458661.50281 15.673 0.012
2458661.50362 15.687000000000001 0.012
2458661.50442 15.694 0.013000000000000001
2458661.5051700003 15.690999999999999 0.012
2458661.50594 15.665999999999999 0.013000000000000001
2458661.50674 15.679 0.012
2458661.50749 15.683 0.012
2458661.50825 15.635 0.013000000000000001
2458661.509 15.659 0.012
2458661.5098 15.669 0.012
2458661.51057 15.658 0.011000000000000001
2458661.51138 15.667 0.012
2458661.5121299997 15.662 0.011000000000000001
2458661.5131 15.677 0.019
2458661.51385 15.664000000000001 0.017
2458661.51461 15.664000000000001 0.02
2458661.51536 15.652999999999999 0.018000000000000002
2458661.5161599996 15.699000000000002 0.018000000000000002
2458661.51692 15.642999999999999 0.017
2458661.51767 15.681 0.018000000000000002
2458661.5184299997 15.679 0.019
2458661.5192400003 15.692 0.018000000000000002
2458661.51999 15.697000000000001 0.019
2458661.52078 15.696 0.018000000000000002
2458661.52154 15.655 0.02
2458661.52233 15.673 0.018000000000000002
2458661.5230799997 15.652000000000001 0.018000000000000002
2458661.52384 15.681 0.019
2458661.52459 15.638 0.017
2458661.52539 15.617 0.019
2458661.52616 15.649000000000001 0.018000000000000002
2458661.52691 15.637 0.021
2458661.52767 15.637 0.017
2458661.5284700003 15.645999999999999 0.021
2458661.52922 15.618 0.018000000000000002
2458661.52998 15.582 0.019
2458661.5307400003 15.617 0.017
2458661.5315400003 15.618 0.018000000000000002
2458661.53229 15.595999999999998 0.018000000000000002
2458661.53306 15.607000000000001 0.017
2458661.53381 15.575 0.02
2458661.53461 15.63 0.018000000000000002
2458661.53537 15.613 0.022000000000000002
2458661.5361200003 15.627 0.019
2458661.53688 15.628 0.018000000000000002
2458661.53767 15.620999999999999 0.02
2458661.5384400003 15.651 0.019
2458661.53919 15.63 0.018000000000000002
2458661.53994 15.637 0.019
2458661.54074 15.665999999999999 0.021
2458661.54149 15.665 0.019
2458661.54225 15.658 0.022000000000000002
2458661.5430099997 15.654000000000002 0.02
2458661.5438 15.628 0.019
2458661.54455 15.626 0.019
2458661.54531 15.675999999999998 0.02
2458661.5460599996 15.661 0.021
2458661.54685 15.635 0.02
2458661.5476 15.6 0.023
2458661.54837 15.642999999999999 0.021
2458661.54912 15.673 0.021
2458661.5499299997 15.66 0.021
2458661.55068 15.65 0.02
2458661.55144 15.657 0.022000000000000002
2458661.55219 15.667 0.021
2458661.553 15.690999999999999 0.024
2458661.55375 15.644 0.021
2458661.5545 15.677 0.023
2458661.55525 15.654000000000002 0.022000000000000002
2458661.55605 15.640999999999998 0.022000000000000002
2458661.55682 15.677999999999999 0.023
2458661.55757 15.655999999999999 0.02
2458661.55833 15.667 0.023
2458663.60917 15.469000000000001 0.019
2458663.61008 15.448 0.021
2458663.611 15.477 0.02
2458663.6119 15.469000000000001 0.018000000000000002
2458663.61282 15.448 0.021
2458663.6138400002 15.482999999999999 0.018000000000000002
2458663.61476 15.462 0.019
2458663.61567 15.488 0.018000000000000002
2458663.61659 15.511 0.019
2458663.6175 15.485 0.018000000000000002
2458663.61847 15.482000000000001 0.018000000000000002
2458663.61939 15.501 0.019
2458663.6203 15.507 0.019
2458663.6212 15.504000000000001 0.019
2458663.62213 15.485999999999999 0.019
2458663.6231400003 15.503 0.019
2458663.62407 15.502 0.019
2458663.62499 15.487 0.019
2458663.6259 15.514000000000001 0.019
2458663.62682 15.499 0.019
2458663.6277799997 15.519 0.019
2458663.62869 15.525 0.019
2458663.6296200003 15.5 0.019
2458663.63145 15.495 0.02
2458663.6324400003 15.514000000000001 0.021
2458663.63334 15.515 0.02
2458663.6342599997 15.527000000000001 0.019
2458663.63517 15.505 0.018000000000000002
2458663.63609 15.53 0.025
2458663.63705 15.544 0.02
2458663.63797 15.524000000000001 0.02
2458663.63889 15.525 0.024
2458663.63979 15.527999999999999 0.02
2458663.64072 15.517000000000001 0.019
2458663.64172 15.526 0.022000000000000002
2458663.64264 15.499 0.021
2458663.64355 15.529000000000002 0.019
2458663.6444599996 15.503 0.019
2458663.64538 15.522 0.019
2458663.64635 15.514000000000001 0.023
2458663.64727 15.463 0.022000000000000002
2458663.64818 15.459000000000001 0.018000000000000002
2458663.6491 15.475999999999999 0.019
2458663.7464236114 15.28 0.027999999999999997
2458663.747986111 15.300999999999998 0.027000000000000003
2458663.7495370368 15.302999999999999 0.027999999999999997
2458663.751087963 15.300999999999998 0.027999999999999997
2458663.7526388885 15.262 0.028999999999999998
2458663.754189815 15.23 0.027000000000000003
2458663.755798611 15.312999999999999 0.03
2458663.7573495368 15.312999999999999 0.027999999999999997
2458663.758900463 15.25 0.028999999999999998
2458663.760462963 15.262 0.027999999999999997
2458663.762013889 15.288 0.03
2458663.763576389 15.207 0.027000000000000003
2458663.7651388887 15.251 0.027000000000000003
2458663.7667013886 15.308 0.027000000000000003
2458663.7682638885 15.302999999999999 0.026000000000000002
2458663.769814815 15.265 0.026000000000000002
2458663.771377315 15.311 0.027999999999999997
2458663.7729282407 15.321 0.027000000000000003
2458663.774490741 15.33 0.027999999999999997
2458663.776041666 15.298 0.027000000000000003
2458663.7776041664 15.302999999999999 0.027000000000000003
2458663.779155093 15.356 0.028999999999999998
2458663.7807060187 15.288 0.027000000000000003
2458663.7822569446 15.341 0.027000000000000003
2458663.7838657405 15.287 0.026000000000000002
2458663.7854166664 15.277999999999999 0.026000000000000002
2458663.786979167 15.207 0.026000000000000002
2458663.7885300927 15.220999999999998 0.027999999999999997
2458663.7900925926 15.239 0.028999999999999998
2458663.7916435185 15.258 0.027999999999999997
2458663.7932060184 15.248 0.031
2458663.7947685183 15.282 0.03
2458663.796319444 15.295 0.031
2458663.7978819446 15.3 0.033
2458663.7994444445 15.234000000000002 0.027999999999999997
2458663.8009953704 15.243 0.027999999999999997
2458663.8025578703 15.300999999999998 0.026000000000000002
2458663.805659722 15.265999999999998 0.036000000000000004
2458663.807222222 15.276 0.035
2458663.8103356482 15.255 0.07400000000000001
2458663.8484027777 15.269 0.027999999999999997
2458663.849953704 15.345 0.061
2458663.851504629 15.26 0.027000000000000003
2458663.853067129 15.315999999999999 0.025
2458663.8546180557 15.312000000000001 0.024
2458663.8561689816 15.385 0.027000000000000003
2458663.857731481 15.274000000000001 0.04
2458663.8592824074 15.312999999999999 0.026000000000000002
2458663.867337963 15.27 0.055999999999999994
2458663.868888889 15.318 0.034
2458663.870439815 15.352 0.046
2458663.8735300926 15.28 0.03
2458663.8750810185 15.248 0.028999999999999998
2458663.8766319444 15.302 0.03
2458663.8781712963 15.302999999999999 0.028999999999999998
2458663.8797337958 15.338 0.031
2458663.8812847217 15.286 0.028999999999999998
2458663.882847222 15.284 0.032
2458663.887523148 15.392000000000001 0.043
2458663.889074074 15.324000000000002 0.044000000000000004
2458665.6071099997 15.556 0.019
2458665.60802 15.550999999999998 0.019
2458665.60892 15.550999999999998 0.02
2458665.60984 15.520999999999999 0.022000000000000002
2458665.61081 15.556 0.019
2458665.61172 15.522 0.018000000000000002
2458665.61263 15.517999999999999 0.02
2458665.6135400003 15.526 0.019
2458665.61447 15.522 0.019
2458665.6155 15.520999999999999 0.019
2458665.61641 15.530999999999999 0.018000000000000002
2458665.61733 15.549000000000001 0.019
2458665.61824 15.54 0.019
2458665.61914 15.529000000000002 0.018000000000000002
2458665.6201299997 15.517999999999999 0.019
2458665.62106 15.526 0.019
2458665.62197 15.552999999999999 0.021
2458665.62288 15.552999999999999 0.018000000000000002
2458665.6238 15.546 0.019
2458665.6248 15.549000000000001 0.022000000000000002
2458665.62572 15.538 0.018000000000000002
2458665.62663 15.548 0.019
2458665.62755 15.558 0.021
2458665.62846 15.532 0.019
2458665.6294400003 15.547 0.019
2458665.63036 15.525 0.019
2458665.6312599997 15.520999999999999 0.017
2458665.6321799997 15.51 0.019
2458665.63308 15.520999999999999 0.019
2458665.63411 15.543 0.019
2458665.63502 15.537 0.019
2458665.63595 15.543 0.019
2458665.63686 15.547 0.021
2458665.63777 15.552 0.019
2458665.63875 15.52 0.016
2458665.63966 15.540999999999999 0.015
2458665.64058 15.548 0.017
2458665.6414900003 15.562999999999999 0.019
2458665.6424 15.550999999999998 0.021
2458665.6434299997 15.561 0.02
2458665.64434 15.565999999999999 0.019
2458665.64524 15.564 0.019
2458665.64615 15.554 0.019
2458665.64709 15.546 0.024
2458665.64807 15.526 0.017
2458665.64898 15.527000000000001 0.018000000000000002
2458666.45248 15.655999999999999 0.011000000000000001
2458666.45324 15.67 0.01
2458666.45403 15.664000000000001 0.01
2458666.4547900003 15.642000000000001 0.01
2458666.45554 15.66 0.01
2458666.4563 15.657 0.01
2458666.45711 15.662 0.009000000000000001
2458666.45787 15.674000000000001 0.01
2458666.45862 15.682 0.01
2458666.45939 15.675 0.01
2458666.46019 15.665999999999999 0.01
2458666.46094 15.684000000000001 0.01
2458666.4617 15.663 0.01
2458666.46245 15.667 0.009000000000000001
2458666.46324 15.69 0.01
2458666.464 15.687999999999999 0.009000000000000001
2458666.46477 15.675 0.011000000000000001
2458666.46552 15.685 0.009000000000000001
2458666.46632 15.648 0.011000000000000001
2458666.46708 15.663 0.009000000000000001
2458666.46784 15.661 0.01
2458666.4686 15.661 0.01
2458666.4694 15.668 0.013000000000000001
2458666.47015 15.659 0.013000000000000001
2458666.4709 15.66 0.013000000000000001
2458666.47167 15.700999999999999 0.013999999999999999
2458666.47247 15.662 0.013000000000000001
2458666.47328 15.647 0.01
2458666.4740400002 15.655999999999999 0.009000000000000001
2458666.4747900004 15.66 0.01
2458666.47558 15.640999999999998 0.01
2458666.47634 15.65 0.009000000000000001
2458666.47709 15.642999999999999 0.01
2458666.47786 15.652000000000001 0.009000000000000001
2458666.47866 15.654000000000002 0.01
2458666.47942 15.628 0.009000000000000001
2458666.48019 15.606 0.01
2458666.48094 15.649000000000001 0.009000000000000001
2458666.48174 15.681 0.009000000000000001
2458666.4824900003 15.66 0.01
2458666.48325 15.663 0.009000000000000001
2458666.484 15.689 0.01
2458666.4848599997 15.668 0.009000000000000001
2458666.48563 15.675999999999998 0.009000000000000001
2458666.48638 15.667 0.009000000000000001
2458666.48713 15.669 0.011000000000000001
2458666.4879900003 15.682 0.01
2458666.48875 15.657 0.011000000000000001
2458666.4895 15.659 0.045
2458666.49027 15.687000000000001 0.01
2458666.49111 15.686 0.01
2458666.49186 15.669 0.009000000000000001
2458666.4926299998 15.681 0.01
2458666.49338 15.671 0.009000000000000001
2458666.49418 15.689 0.01
2458666.49493 15.652999999999999 0.01
2458666.4956900002 15.647 0.01
2458666.49646 15.645 0.009000000000000001
2458666.4972599996 15.668 0.009000000000000001
2458666.4980099997 15.689 0.009000000000000001
2458666.49877 15.69 0.009000000000000001
2458666.49953 15.67 0.015
2458666.50032 15.672 0.013999999999999999
2458666.5010900004 15.661 0.016
2458666.50185 15.692 0.015
2458666.5026 15.682 0.015
2458666.50341 15.68 0.013999999999999999
2458666.50417 15.692 0.015
2458666.50493 15.712 0.015
2458666.50568 15.71 0.015
2458666.50649 15.702 0.015
2458666.50725 15.674000000000001 0.013999999999999999
2458666.50801 15.686 0.016
2458666.50973 15.677999999999999 0.027000000000000003
2458666.51058 15.687999999999999 0.015
2458666.51133 15.709000000000001 0.018000000000000002
2458666.5120900003 15.635 0.015
2458666.51285 15.645999999999999 0.015
2458666.51365 15.610999999999999 0.015
2458666.51441 15.658 0.015
2458666.51516 15.640999999999998 0.015
2458666.5159299998 15.648 0.015
2458666.5167400003 15.685 0.017
2458666.51749 15.645999999999999 0.013999999999999999
2458666.51825 15.669 0.017
2458666.519 15.640999999999998 0.015
2458666.5198 15.639000000000001 0.015
2458666.52344 15.722999999999999 0.023
2458666.5251700003 15.674000000000001 0.018000000000000002
2458666.52593 15.681 0.016
2458666.52668 15.693 0.016
2458666.5275 15.687000000000001 0.017
2458666.52825 15.699000000000002 0.016
2458666.529 15.672 0.017
2458666.52976 15.663 0.015
2458666.53056 15.695 0.018000000000000002
2458666.53131 15.655 0.015
2458666.53207 15.713 0.019
2458666.53282 15.693 0.016
2458666.53362 15.687000000000001 0.017
2458666.53438 15.718 0.018000000000000002
2458666.5351299997 15.69 0.016
2458666.53589 15.655999999999999 0.019
2458666.53668 15.68 0.016
2458666.53743 15.694 0.017
2458666.53818 15.712 0.017
2458666.5389400003 15.716 0.018000000000000002
2458666.53973 15.68 0.019
2458666.54049 15.690999999999999 0.017
2458666.542 15.69 0.016
2458666.5428 15.69 0.017
2458666.54355 15.675 0.016
2458666.54431 15.665 0.017
2458666.54506 15.667 0.015
2458666.54586 15.665999999999999 0.017
2458666.54661 15.682 0.017
2458666.5473599997 15.642999999999999 0.015
2458666.5510400003 15.627 0.009000000000000001
2458666.5518099996 15.636 0.009000000000000001
2458666.55253 15.642999999999999 0.01
2458666.55325 15.6 0.009000000000000001
2458666.55398 15.609000000000002 0.009000000000000001
2458666.55475 15.615 0.009000000000000001
2458666.55547 15.624 0.01
2458666.5561900004 15.642000000000001 0.011000000000000001
2458666.55692 15.634 0.009000000000000001
2458666.5577 15.626 0.01
2458666.5584299997 15.628 0.01
2458666.5591599997 15.624 0.009000000000000001
2458666.55987 15.625 0.01
2458666.56065 15.624 0.01
2458666.56138 15.607000000000001 0.011000000000000001
2458666.56211 15.600999999999999 0.01
2458666.5628400003 15.597000000000001 0.012
2458666.5636 15.62 0.01
2458666.56433 15.610999999999999 0.011000000000000001
2458666.56506 15.607999999999999 0.011000000000000001
2458667.6071099997 15.498 0.019
2458667.60803 15.515 0.018000000000000002
2458667.60904 15.513 0.019
2458667.60995 15.524000000000001 0.019
2458667.61087 15.530999999999999 0.019
2458667.61178 15.524000000000001 0.02
2458667.6127 15.524000000000001 0.02
2458667.61369 15.538 0.02
2458667.61461 15.509 0.02
2458667.61553 15.507 0.018000000000000002
2458667.61644 15.532 0.019
2458667.61735 15.542 0.019
2458667.61833 15.544 0.026000000000000002
2458667.61926 15.525 0.02
2458667.62019 15.522 0.02
2458667.62109 15.527999999999999 0.021
2458667.62201 15.505999999999998 0.021
2458667.62304 15.523 0.02
2458667.62396 15.519 0.019
2458667.62488 15.523 0.02
2458667.62582 15.535 0.019
2458667.62674 15.519 0.019
2458667.6277400004 15.525 0.018000000000000002
2458667.62866 15.498 0.017
2458667.6296200003 15.517000000000001 0.018000000000000002
2458667.63052 15.514000000000001 0.019
2458667.63144 15.504000000000001 0.018000000000000002
2458667.63247 15.52 0.021
2458667.6334599997 15.517000000000001 0.021
2458667.63436 15.523 0.019
2458667.63528 15.517999999999999 0.019
2458667.63619 15.523 0.019
2458667.63719 15.534 0.02
2458667.6381 15.517000000000001 0.018000000000000002
2458667.639 15.537 0.02
2458667.63994 15.530999999999999 0.021
2458667.6408599997 15.529000000000002 0.021
2458667.64193 15.534 0.02
2458667.64286 15.56 0.02
2458667.64376 15.588 0.022000000000000002
2458667.64468 15.577 0.02
2458667.6455900003 15.56 0.02
2458667.6466099997 15.543 0.019
2458667.6475299997 15.539000000000001 0.02
2458667.64844 15.539000000000001 0.018000000000000002
2458668.05804 15.684000000000001 0.016
2458668.05885 15.672 0.016
2458668.05965 15.707 0.016
2458668.06044 15.683 0.016
2458668.06124 15.685 0.016
2458668.06205 15.669 0.016
2458668.06285 15.667 0.016
2458668.06366 15.673 0.016
2458668.06446 15.657 0.017
2458668.06525 15.675 0.016
2458668.06604 15.627 0.015
2458668.06685 15.635 0.015
2458668.0677099996 15.683 0.016
2458668.06852 15.685 0.015
2458668.0693200002 15.677999999999999 0.016
2458668.0701 15.715 0.015
2458668.0709 15.695 0.015
2458668.0717 15.677 0.015
2458668.07253 15.7 0.016
2458668.07333 15.677999999999999 0.015
2458668.07413 15.682 0.016
2458668.07493 15.698 0.016
2458668.0757299997 15.694 0.015
2458668.07652 15.68 0.016
2458668.0773099996 15.684000000000001 0.015
2458668.0781400003 15.673 0.015
2458668.0789400004 15.655 0.015
2458668.07973 15.640999999999998 0.015
2458668.08053 15.695 0.016
2458668.0814099996 15.682 0.016
2458668.08222 15.648 0.015
2458668.0830099997 15.664000000000001 0.016
2458668.0838200003 15.674000000000001 0.017
2458668.08462 15.659 0.015
2458668.08541 15.684000000000001 0.016
2458668.0862 15.693 0.016
2458668.087 15.693 0.016
2458668.08785 15.722999999999999 0.016
2458668.08865 15.712 0.016
2458668.0894299997 15.696 0.015
2458668.0902299997 15.675999999999998 0.016
2458668.09102 15.722000000000001 0.016
2458668.09182 15.673 0.015
2458668.0926200002 15.692 0.016
2458668.09343 15.669 0.015
2458668.09422 15.720999999999998 0.017
2458668.09502 15.749 0.017
2458668.09582 15.722999999999999 0.017
2458668.09661 15.713 0.017
2458668.09741 15.718 0.016
2458668.09823 15.727 0.017
2458668.0990400002 15.717 0.016
2458668.0998400003 15.737 0.016
2458668.10063 15.709000000000001 0.016
2458668.1014400003 15.708 0.016
2458668.10223 15.704 0.016
2458668.10303 15.710999999999999 0.016
2458668.10385 15.719000000000001 0.017
2458668.1046599997 15.7 0.017
2458668.1054599998 15.71 0.015
2458668.10626 15.743 0.016
2458668.10706 15.715 0.016
2458668.10786 15.732000000000001 0.016
2458668.10869 15.758 0.016
2458668.1095 15.722000000000001 0.016
2458668.11029 15.714 0.016
2458668.1110900003 15.727 0.016
2458668.1118799997 15.72 0.017
2458668.1127 15.755 0.016
2458668.11348 15.741 0.016
2458668.11429 15.739 0.016
2458668.11509 15.737 0.016
2458668.11588 15.732000000000001 0.017
2458668.11668 15.707 0.016
2458668.11749 15.741 0.015
2458668.11829 15.727 0.015
2458668.11912 15.720999999999998 0.015
2458668.11993 15.722999999999999 0.015
2458668.12072 15.72 0.016
2458668.12152 15.687999999999999 0.015
2458668.12231 15.665 0.015
2458668.12311 15.665 0.013999999999999999
2458668.12397 15.672 0.013999999999999999
2458668.12476 15.642000000000001 0.015
2458668.12556 15.658 0.013999999999999999
2458668.12634 15.65 0.015
2458668.12714 15.642000000000001 0.015
2458668.12793 15.665999999999999 0.015
2458668.12873 15.662 0.013999999999999999
2458668.12955 15.675999999999998 0.013999999999999999
2458668.13036 15.677 0.013999999999999999
2458668.13116 15.677 0.015
2458668.13196 15.693 0.015
2458668.1327400003 15.686 0.015
2458668.1335400003 15.7 0.015
2458668.1343900003 15.664000000000001 0.015
2458668.1351900003 15.684000000000001 0.015
2458668.13598 15.675999999999998 0.013999999999999999
2458668.13677 15.66 0.015
2458668.1375700003 15.710999999999999 0.015
2458668.1383599997 15.715 0.015
2458668.13918 15.698 0.015
2458668.13998 15.686 0.015
2458668.14079 15.698 0.016
2458668.14157 15.689 0.015
2458668.14237 15.665 0.015
2458668.14317 15.716 0.015
2458669.60715 15.478 0.017
2458669.60808 15.458 0.019
2458669.60898 15.465 0.017
2458669.6099099996 15.449000000000002 0.021
2458669.61098 15.442 0.017
2458669.6119 15.485 0.019
2458669.61281 15.468 0.017
2458669.61374 15.457 0.016
2458669.61465 15.482000000000001 0.018000000000000002
2458669.61565 15.466 0.018000000000000002
2458669.61656 15.492 0.018000000000000002
2458669.61748 15.464 0.018000000000000002
2458669.61839 15.467 0.018000000000000002
2458669.6192900003 15.47 0.015
2458669.62032 15.484000000000002 0.021
2458669.6212400002 15.492 0.018000000000000002
2458669.62214 15.468 0.016
2458669.62307 15.447000000000001 0.02
2458669.62397 15.481 0.018000000000000002
2458669.62499 15.470999999999998 0.017
2458669.6259 15.492 0.02
2458669.62682 15.495 0.017
2458669.6277400004 15.489 0.018000000000000002
2458669.62865 15.479000000000001 0.019
2458669.6297 15.514000000000001 0.019
2458669.63063 15.511 0.018000000000000002
2458669.63162 15.503 0.018000000000000002
2458669.63258 15.520999999999999 0.019
2458669.63355 15.504000000000001 0.022000000000000002
2458669.63472 15.505999999999998 0.017
2458669.63568 15.515999999999998 0.018000000000000002
2458669.6365900002 15.499 0.017
2458669.6375 15.517999999999999 0.019
2458669.6384 15.482000000000001 0.018000000000000002
2458669.63944 15.493 0.018000000000000002
2458669.64036 15.492 0.016
2458669.64127 15.482999999999999 0.018000000000000002
2458669.64219 15.481 0.017
2458669.6430900004 15.472999999999999 0.021
2458669.64409 15.482000000000001 0.022000000000000002
2458669.645 15.47 0.018000000000000002
2458669.64593 15.478 0.017
2458669.64684 15.460999999999999 0.018000000000000002
2458669.64774 15.477 0.018000000000000002
2458669.64877 15.491 0.025
2458670.74219 15.797 0.004
2458670.7436599997 15.8 0.004
2458670.74653 15.783 0.003
2458670.7501 15.773 0.003
2458670.75367 15.777000000000001 0.003
2458670.75725 15.777000000000001 0.003
2458670.76082 15.79 0.003
2458670.76439 15.814 0.003
2458670.76796 15.81 0.003
2458670.77153 15.795 0.003
2458670.77509 15.784 0.003
2458670.77866 15.754000000000001 0.003
2458670.78222 15.775 0.004
2458670.7858 15.82 0.005
2458670.78938 15.83 0.003
2458670.79295 15.815999999999999 0.005
2458670.85088 15.823 0.002
2458670.85443 15.82 0.002
2458670.8580099996 15.796 0.002
2458670.86157 15.823 0.002
2458670.86872 15.818 0.003
2458670.87228 15.818 0.003
